#Myon
#Runevent 5227
Run_event=np.array([7097,9214,9799,10263,11508,14448,14841,1176,1326,1369,1577,1851,2443,2762,2911,3092,3167,3439,3595,3981])
Ctrk=np.array([2,4,2,2,2,2,2,6,2,2,2,2,4,2,2,2,4,2,7,2])
Sump=np.array([90.5,91.9,93.9,92.7,92.5,92.1,92.5,84.7,89.5,98.2,84.1,88.1,87.3,87.7,87.0,93.0,92.3,93.4,94.3,90.3])
Ecal=np.array([1.3,2.3,1.9,2.2,1.8,6.8,1.2,1.4,2.6,2.6,5.4,1.5,5.3,3.0,1.8,1.3,1.7,1.7,1.3,2.5])
Hcal=np.array([9.1,7.3,7.1,7.3,12.2,11.3,4.1,2.4,13.4,9.9,13.8,3.5,30.3,9.3,10.0,2.6,5.5,1.8,3.9,18.8])
#Tau
#Runevent 5227
Run_event=np.array([714,934,1524,1532,2954,4083,4692,5753,5821,6533,6541,6724,7093,7228,7667,7877,8109,8485,10783,13242])
Ctrk=np.array([4,2,2,2,6,4,2,2,2,4,13,2,2,4,2,4,4,2,2,2])
Sump=np.array([43.8,31.4,55.0,33.9,67.0,45.8,30.4,41.1,26.9,64.6,44.9,25.0,29.8,42.0,22.4,13.1,47.7,30.4,53.6,37.8])
Ecal=np.array([8.2,36.1,49.7,52.0,45.0,40.1,21.7,40.6,51.8,29.8,37.5,44.9,36.5,42.4,17.1,29.0,25.1,24.4,15.0,33.3])
Hcal=np.array([2.0,0.2,36.8,13.6,33.6,38.2,7.5,2.6,0.0,9.2,2.2,4.1,23.4,0.5,10.3,0.0,2.0,0.8,16.2,8.2])
print(len(Ecal))
